2.5546998977661133
1.6361000537872314
1.8982000350952148
5.7342000007629395
1.6933000087738037
1.682800054550171
1.5015000104904175
1.7623000144958496
2.6684000492095947
2.1429998874664307
2.3229000568389893
2.1326000690460205
1.6212999820709229
3.6308999061584473
5.777699947357178
1.2417000532150269
2.5518999099731445
4.078499794006348
1.6627999544143677
1.1779999732971191
2.135999917984009
1.716599941253662
2.2690000534057617
4.98769998550415
1.830899953842163
1.648900032043457
3.842099905014038
1.3265999555587769
3.6113998889923096
1.2812000513076782
1.9011000394821167
3.5696001052856445
2.5272998809814453
3.622299909591675
2.0980000495910645
1.6246000528335571
3.7887001037597656
2.152100086212158
2.6089000701904297
2.885499954223633
2.420599937438965
2.816800117492676
3.4449000358581543
1.6901999711990356
2.873500108718872
5.161099910736084
1.2542999982833862
1.8142999410629272
1.9982000589370728
2.2699999809265137
3.6851999759674072
2.5288000106811523
1.388200044631958
1.9781999588012695
1.3592000007629395
1.306399941444397
2.9625000953674316
2.1637001037597656
2.2160000801086426
1.5019999742507935
2.4024999141693115
1.676800012588501
2.008500099182129
1.3451000452041626
1.5981999635696411
3.810800075531006
2.7265000343322754
1.9886000156402588
2.178800106048584
1.5003999471664429
2.651599884033203
2.226300001144409
1.9163999557495117
2.4779000282287598
1.0627000331878662
2.5462000370025635
5.044600009918213
1.573799967765808
2.422100067138672
3.115499973297119
1.7302000522613525
2.40339994430542
2.450500011444092
1.565600037574768
1.9580999612808228
2.5732998847961426
2.819499969482422
2.6730000972747803
3.6440000534057617
1.1174999475479126
1.9986000061035156
1.9732999801635742
1.4040000438690186
1.2226999998092651
3.129699945449829
4.6168999671936035
1.9823999404907227
2.613300085067749
1.432800054550171
1.3411999940872192
2.6466000080108643
2.3893001079559326
1.9206000566482544
2.3254001140594482
2.1138999462127686
3.352400064468384
2.025099992752075
3.116499900817871
1.5853999853134155
1.9880000352859497
1.604599952697754
2.156599998474121
1.6978000402450562
2.2356998920440674
3.365600109100342
2.5362000465393066
2.7688000202178955
1.8344999551773071
2.7546000480651855
2.646699905395508
1.6444000005722046
1.864400029182434
1.3899999856948853
3.8225998878479004
1.9140000343322754
1.6282999515533447
3.598299980163574
1.958899974822998
1.8282999992370605
2.17930006980896
2.539599895477295
2.2874999046325684
1.8912999629974365
2.2353999614715576
1.7138999700546265
4.445799827575684
1.6461999416351318
2.8376998901367188
2.3708999156951904
2.3396999835968018
1.9859999418258667
1.5219999551773071
1.4737999439239502
1.9032000303268433
1.8942999839782715
1.8272000551223755
2.564500093460083
2.1549999713897705
3.446000099182129
1.7705999612808228
2.934799909591675
2.5810999870300293
1.5268000364303589
3.6946001052856445
1.8560999631881714
2.19569993019104
4.412499904632568
2.228800058364868
1.698099970817566
6.5904998779296875
1.1240999698638916
2.191699981689453
2.2846999168395996
2.740799903869629
1.6985000371932983
2.3882999420166016
2.6335999965667725
1.6861000061035156
3.0239999294281006
2.0945000648498535
4.781199932098389
1.2372000217437744
1.763200044631958
2.315999984741211
2.9932000637054443
1.9890999794006348
4.10699987411499
1.9738999605178833
2.018199920654297
1.340399980545044
1.5640000104904175
1.0357999801635742
1.5500999689102173
2.0206000804901123
3.026900053024292
1.867799997329712
1.9559999704360962
1.5720000267028809
2.9430999755859375
1.5331000089645386
1.0615999698638916
2.1884000301361084
1.4774999618530273
2.475100040435791
1.993299961090088
1.7522000074386597
2.887399911880493
1.7608000040054321
2.3966000080108643
1.9293999671936035
2.9024999141693115
2.2755000591278076
2.200000047683716
2.2772998809814453
1.7847000360488892
1.5592000484466553
1.6852999925613403
1.8868000507354736
2.2418999671936035
1.6689000129699707
2.5585999488830566
1.472000002861023
2.028599977493286
1.3910000324249268
1.458899974822998
2.1386001110076904
2.1666998863220215
1.7694000005722046
2.504199981689453
4.707200050354004
1.3736000061035156
1.8686000108718872
2.8066999912261963
2.148900032043457
3.500999927520752
2.475800037384033
1.9651999473571777
1.37090003490448
3.3605000972747803
1.4917000532150269
1.36080002784729
1.8650000095367432
1.6045000553131104
4.589000225067139
1.454800009727478
2.2174999713897705
4.263299942016602
3.0734000205993652
2.2372000217437744
4.333099842071533
1.4485000371932983
1.7021000385284424
2.403899908065796
3.0959999561309814
1.544800043106079
2.922100067138672
3.265000104904175
1.874400019645691
3.513700008392334
2.583199977874756
1.5607999563217163
6.306300163269043
1.4606000185012817
2.032399892807007
2.5927000045776367
1.2732000350952148
2.0571000576019287
1.1815999746322632
1.9788999557495117
2.789900064468384
1.142300009727478
1.2628999948501587
2.2290000915527344
1.3942999839782715
2.482800006866455
1.9736000299453735
1.4458999633789062
1.9919999837875366
1.5571000576019287
2.8492000102996826
2.0613999366760254
2.1949000358581543
2.7342000007629395
2.367799997329712
2.687999963760376
2.879199981689453
1.5394999980926514
1.3941999673843384
1.1518000364303589
2.1147000789642334
2.8315999507904053
3.1105000972747803
1.4321999549865723
1.5073000192642212
1.3686000108718872
2.1819000244140625
1.9335999488830566
2.2999000549316406
1.5362999439239502
2.424299955368042
3.992500066757202
1.5356999635696411
7.138299942016602
2.3740999698638916
1.2509000301361084
2.3803999423980713
1.632699966430664
3.562299966812134
2.6747000217437744
2.2476000785827637
