-3.2320001125335693
-1.7724000215530396
-3.5155999660491943
-1.8733999729156494
-2.84660005569458
-1.9696999788284302
-1.815600037574768
-4.166399955749512
-1.378100037574768
-2.665800094604492
-3.1875998973846436
-1.9774999618530273
-2.058000087738037
-1.4467999935150146
-1.871399998664856
-2.7453999519348145
-1.9924999475479126
-1.5269999504089355
-1.5750999450683594
-2.8343000411987305
-1.8544000387191772
-2.8615000247955322
-1.3905999660491943
-1.854599952697754
-1.783400058746338
-2.2221999168395996
-1.7021000385284424
-1.9251999855041504
-3.1696999073028564
-2.699199914932251
-3.348400115966797
-1.315500020980835
-1.8039000034332275
-1.1287000179290771
-1.8092000484466553
-2.0973000526428223
-2.0007998943328857
-2.0806000232696533
-1.402899980545044
-2.2755000591278076
-1.2706999778747559
-1.871399998664856
-2.251800060272217
-1.659500002861023
-1.6069999933242798
-1.8306000232696533
-2.9035000801086426
-1.6734999418258667
-2.2915000915527344
-1.7161999940872192
-3.0051000118255615
-2.4870998859405518
-1.9871000051498413
-2.39490008354187
-2.2202000617980957
-2.994800090789795
-2.201900005340576
-3.138400077819824
-4.603700160980225
-2.687299966812134
-1.2877000570297241
-1.7554999589920044
-1.6237000226974487
-1.7933000326156616
-3.367000102996826
-1.514299988746643
-1.3530000448226929
-4.550000190734863
-1.6582000255584717
-2.145699977874756
-1.3934999704360962
-1.6885000467300415
-4.771299839019775
-1.3629000186920166
-2.4079999923706055
-1.5880999565124512
-1.1433000564575195
-1.7805999517440796
-1.7474000453948975
-1.5566999912261963
-2.7123000621795654
-1.4434000253677368
-1.7181999683380127
-2.033799886703491
-1.8734999895095825
-1.3507000207901
-1.6690000295639038
-1.7625999450683594
-2.3975000381469727
-3.642199993133545
-1.669100046157837
-1.9997999668121338
-1.8969999551773071
-1.9076000452041626
-1.5566999912261963
-2.1640000343322754
-2.3596999645233154
-1.7648999691009521
-2.216200113296509
-4.361499786376953
-1.5794999599456787
-2.257699966430664
-2.3101000785827637
-1.7819000482559204
-1.2935999631881714
-1.5712000131607056
-1.347599983215332
-2.842099905014038
-2.511899948120117
-1.7019000053405762
-2.6626999378204346
-2.032099962234497
-2.3677000999450684
-1.5516999959945679
-1.621399998664856
-2.4519999027252197
-1.682800054550171
-2.9077999591827393
-1.557800054550171
-2.3513998985290527
-1.9599000215530396
-1.2451000213623047
-4.59250020980835
-1.6865999698638916
-2.5843000411987305
-2.6185998916625977
-1.2541999816894531
-1.9602999687194824
-3.1542999744415283
-2.5295000076293945
-1.7129000425338745
-1.3841999769210815
-1.5367000102996826
-1.4139000177383423
-1.9586000442504883
-2.309299945831299
-4.615499973297119
-2.352299928665161
-1.7378000020980835
-1.339400053024292
-2.257499933242798
-1.7254999876022339
-3.522200107574463
-1.4580999612808228
-2.1233999729156494
-1.547700047492981
-2.3238000869750977
-1.4622000455856323
-1.5470999479293823
-1.3602999448776245
-1.141700029373169
-2.5085999965667725
-4.709799766540527
-1.6971999406814575
-1.7858999967575073
-1.7684999704360962
-1.205199956893921
-2.9403998851776123
-1.9639999866485596
-1.1260000467300415
-2.759000062942505
-2.132699966430664
-1.3854000568389893
-1.9009000062942505
-2.7572999000549316
-5.864799976348877
-1.6375999450683594
-3.2576000690460205
-2.149600028991699
-3.2309999465942383
-1.6628999710083008
-2.269700050354004
-1.623900055885315
-2.040600061416626
-1.259600043296814
-2.665800094604492
-1.7142000198364258
-5.827899932861328
-1.2711999416351318
-6.165299892425537
-1.8075000047683716
-2.6321001052856445
-1.9395999908447266
-1.8009999990463257
-3.1106998920440674
-1.7374999523162842
-2.2932000160217285
-1.937399983406067
-1.538699984550476
-2.821199893951416
-2.797300100326538
-1.6353000402450562
-2.060800075531006
-1.5403000116348267
-2.433000087738037
-2.703700065612793
-1.958899974822998
-3.7311999797821045
-2.3540000915527344
-2.020900011062622
-3.54830002784729
-1.3722000122070312
-1.8414000272750854
-1.5063999891281128
-2.159600019454956
-1.9177000522613525
-1.6569000482559204
-2.1647000312805176
-1.8083000183105469
-2.5327999591827393
-2.653700113296509
-3.283799886703491
-1.5433000326156616
-4.925600051879883
-2.2230000495910645
-2.1637001037597656
-2.1984000205993652
-2.5947999954223633
-1.5163999795913696
-1.8027000427246094
-2.1942999362945557
-1.5882999897003174
-1.8698999881744385
-2.2534000873565674
-1.6866999864578247
-2.114300012588501
-1.6204999685287476
-3.4347000122070312
-2.5118000507354736
-2.2399001121520996
-2.9605000019073486
-1.8938000202178955
-2.7985000610351562
-1.5771000385284424
-6.322700023651123
-1.6335999965667725
-2.1064999103546143
-1.787600040435791
-1.4635000228881836
-1.9593000411987305
-3.050299882888794
-1.8984999656677246
-2.029599905014038
-2.0815000534057617
-2.0129001140594482
-1.7684999704360962
-2.2290000915527344
-1.9580999612808228
-2.197000026702881
-1.7166999578475952
-2.7291998863220215
-2.063800096511841
-1.5972000360488892
-2.390899896621704
-2.040299892425537
-5.749000072479248
-3.7404000759124756
-2.2578999996185303
-3.087100028991699
-1.6217999458312988
-2.3982999324798584
-2.134999990463257
-3.5172998905181885
-2.9093000888824463
-3.4333999156951904
-2.3696000576019287
-3.4798998832702637
-2.009999990463257
-3.3938000202178955
-1.9757000207901
-1.6857999563217163
-1.7754000425338745
-1.5858999490737915
-1.6647000312805176
-1.6473000049591064
-2.8613998889923096
-1.791700005531311
-2.120699882507324
-4.248199939727783
-1.7640000581741333
-1.8260999917984009
-1.3797999620437622
-1.8219000101089478
-2.249000072479248
-2.0732998847961426
-2.4872000217437744
-2.3385000228881836
-2.3447999954223633
-1.948199987411499
-7.081900119781494
-2.3268001079559326
-2.042099952697754
-1.2378000020980835
-1.490399956703186
-3.4586000442504883
-1.776900053024292
-1.804800033569336
-2.3819000720977783
-2.268899917602539
-1.8437999486923218
